$PARAMS
DIM            3
PRTS_DISTR     10.0
BPRTS_DISTR    5.0
PRADIUS        3.5
SOS            20
KERNEL         SPLINE
SMOOTH_LEN     16.0
EOS            DESBRUN
VISC_ALPHA     0.05
VISC_BETA      0.0
TIME_STEP      0.2
NSTEPS         10001
OUT_FREQ       50
CLIP_VOL       500.0
$END

$CLOUDS
1   0.001   105.0 105.0 105.0   120.0 0.0 0.0   0.0 270.0 0.0   0.0 0.0 120.0   0.0 0.0 0.0
$END

$OBSTACLES
2   100.0 100.0 100.0  100.0 100.0 400.0  400.0 100.0 400.0
2   100.0 100.0 100.0  400.0 100.0 100.0  400.0 100.0 400.0
2   100.0 100.0 100.0  400.0 400.0 100.0  400.0 100.0 100.0
2   100.0 100.0 100.0  400.0 400.0 100.0  100.0 400.0 100.0
2   100.0 100.0 400.0  400.0 400.0 400.0  400.0 100.0 400.0
2   100.0 100.0 400.0  400.0 400.0 400.0  100.0 400.0 400.0
2   100.0 100.0 100.0  100.0 400.0 100.0  100.0 100.0 400.0
2   100.0 400.0 400.0  100.0 400.0 100.0  100.0 100.0 400.0
2   400.0 100.0 100.0  400.0 400.0 100.0  400.0 100.0 400.0
2   400.0 400.0 400.0  400.0 400.0 100.0  400.0 100.0 400.0
$END
